000 96 (240,240,1)
001 96 (240,240,1)
002 96 (240,240,1)
003 96 (240,240,1)
004 96 (240,240,1)
005 96 (240,240,1)
006 96 (240,240,1)
007 96 (240,240,1)
008 96 (240,240,1)
009 96 (240,240,1)
010 96 (240,240,1)
011 96 (240,240,1)
012 96 (240,240,1)
013 96 (240,240,1)
014 96 (240,240,1)
015 96 (240,240,1)
016 96 (240,240,1)
017 96 (240,240,1)
018 96 (240,240,1)
019 96 (240,240,1)
020 96 (240,240,1)
021 96 (240,240,1)
022 96 (240,240,1)
023 96 (240,240,1)
024 96 (240,240,1)
025 96 (240,240,1)
026 96 (240,240,1)
027 96 (240,240,1)
028 96 (240,240,1)
029 96 (240,240,1)
030 96 (240,240,1)
031 96 (240,240,1)
032 96 (240,240,1)
033 96 (240,240,1)
034 96 (240,240,1)
035 96 (240,240,1)
036 96 (240,240,1)
037 96 (240,240,1)
038 96 (240,240,1)
039 96 (240,240,1)
040 96 (240,240,1)
041 96 (240,240,1)
042 96 (240,240,1)
043 96 (240,240,1)
044 96 (240,240,1)
045 96 (240,240,1)
046 96 (240,240,1)
047 96 (240,240,1)
048 96 (240,240,1)
049 96 (240,240,1)
050 96 (240,240,1)
051 96 (240,240,1)
052 96 (240,240,1)
053 96 (240,240,1)
054 96 (240,240,1)
055 96 (240,240,1)
056 96 (240,240,1)
057 96 (240,240,1)
058 96 (240,240,1)
059 96 (240,240,1)
060 96 (240,240,1)
061 96 (240,240,1)
062 96 (240,240,1)
063 96 (240,240,1)
064 96 (240,240,1)
065 96 (240,240,1)
066 96 (240,240,1)
067 96 (240,240,1)
068 96 (240,240,1)
069 96 (240,240,1)
070 96 (240,240,1)
071 96 (240,240,1)
072 96 (240,240,1)
073 96 (240,240,1)
074 96 (240,240,1)
075 96 (240,240,1)
076 96 (240,240,1)
077 96 (240,240,1)
078 96 (240,240,1)
079 96 (240,240,1)
080 96 (240,240,1)
081 96 (240,240,1)
082 96 (240,240,1)
083 96 (240,240,1)
084 96 (240,240,1)
085 96 (240,240,1)
086 96 (240,240,1)
087 96 (240,240,1)
088 96 (240,240,1)
089 96 (240,240,1)
090 96 (240,240,1)
091 96 (240,240,1)
092 96 (240,240,1)
093 96 (240,240,1)
094 96 (240,240,1)
095 96 (240,240,1)
096 96 (240,240,1)
097 96 (240,240,1)
098 96 (240,240,1)
099 96 (240,240,1)
100 96 (240,240,1)
101 96 (240,240,1)
102 96 (240,240,1)
103 96 (240,240,1)
104 96 (240,240,1)
105 96 (240,240,1)
106 96 (240,240,1)
107 96 (240,240,1)
108 96 (240,240,1)
109 96 (240,240,1)
110 96 (240,240,1)
111 96 (240,240,1)
112 96 (240,240,1)
113 96 (240,240,1)
114 96 (240,240,1)
115 96 (240,240,1)
116 96 (240,240,1)
117 96 (240,240,1)
118 96 (240,240,1)
119 96 (240,240,1)
120 96 (240,240,1)
121 96 (240,240,1)
122 96 (240,240,1)
123 96 (240,240,1)
124 96 (240,240,1)
125 96 (240,240,1)
126 96 (240,240,1)
127 96 (240,240,1)
128 96 (240,240,1)
129 96 (240,240,1)
130 96 (240,240,1)
131 96 (240,240,1)
132 96 (240,240,1)
133 96 (240,240,1)
134 96 (240,240,1)
135 96 (240,240,1)
136 96 (240,240,1)
137 96 (240,240,1)
138 96 (240,240,1)
139 96 (240,240,1)
140 96 (240,240,1)
141 96 (240,240,1)
142 96 (240,240,1)
143 96 (240,240,1)
144 96 (240,240,1)
145 96 (240,240,1)
146 96 (240,240,1)
147 96 (240,240,1)
148 96 (240,240,1)
149 96 (240,240,1)
150 96 (240,240,1)
151 96 (240,240,1)
152 96 (240,240,1)
153 96 (240,240,1)
154 96 (240,240,1)
155 96 (240,240,1)
156 96 (240,240,1)
157 96 (240,240,1)
158 96 (240,240,1)
159 96 (240,240,1)
160 96 (240,240,1)
161 96 (240,240,1)
162 96 (240,240,1)
163 96 (240,240,1)
164 96 (240,240,1)
165 96 (240,240,1)
166 96 (240,240,1)
167 96 (240,240,1)
168 96 (240,240,1)
169 96 (240,240,1)
170 96 (240,240,1)
171 96 (240,240,1)
172 96 (240,240,1)
173 96 (240,240,1)
174 96 (240,240,1)
175 96 (240,240,1)
176 96 (240,240,1)
177 96 (240,240,1)
178 96 (240,240,1)
179 96 (240,240,1)
180 96 (240,240,1)
181 96 (240,240,1)
182 96 (240,240,1)
183 96 (240,240,1)
184 96 (240,240,1)
185 96 (240,240,1)
186 96 (240,240,1)
187 96 (240,240,1)
188 96 (240,240,1)
189 96 (240,240,1)
190 96 (240,240,1)
191 96 (240,240,1)
192 96 (240,240,1)
193 96 (240,240,1)
194 96 (240,240,1)
195 96 (240,240,1)
196 96 (240,240,1)
197 96 (240,240,1)
198 96 (240,240,1)
199 96 (240,240,1)
200 96 (240,240,1)
201 96 (240,240,1)
202 96 (240,240,1)
203 96 (240,240,1)
204 96 (240,240,1)
205 96 (240,240,1)
206 96 (240,240,1)
207 96 (240,240,1)
208 96 (240,240,1)
209 96 (240,240,1)
210 96 (240,240,1)
211 96 (240,240,1)
212 96 (240,240,1)
213 96 (240,240,1)
214 96 (240,240,1)
215 96 (240,240,1)
216 96 (240,240,1)
217 96 (240,240,1)
218 96 (240,240,1)
219 96 (240,240,1)
220 96 (240,240,1)
221 96 (240,240,1)
222 96 (240,240,1)
223 96 (240,240,1)
224 96 (240,240,1)
225 96 (240,240,1)
226 96 (240,240,1)
227 96 (240,240,1)
228 96 (240,240,1)
229 96 (240,240,1)
230 96 (240,240,1)
231 96 (240,240,1)
232 96 (240,240,1)
233 96 (240,240,1)
234 96 (240,240,1)
235 96 (240,240,1)
236 96 (240,240,1)
237 96 (240,240,1)
238 96 (240,240,1)
239 96 (240,240,1)
240 96 (240,240,1)
241 96 (240,240,1)
242 96 (240,240,1)
243 96 (240,240,1)
244 96 (240,240,1)
245 96 (240,240,1)
246 96 (240,240,1)
247 96 (240,240,1)
248 96 (240,240,1)
249 96 (240,240,1)
250 96 (240,240,1)
251 96 (240,240,1)
252 96 (240,240,1)
253 96 (240,240,1)
254 96 (240,240,1)
255 96 (240,240,1)
256 96 (240,240,1)
257 96 (240,240,1)
258 96 (240,240,1)
259 96 (240,240,1)
260 96 (240,240,1)
261 96 (240,240,1)
262 96 (240,240,1)
263 96 (240,240,1)
264 96 (240,240,1)
265 96 (240,240,1)
266 96 (240,240,1)
267 96 (240,240,1)
268 96 (240,240,1)
269 96 (240,240,1)
270 96 (240,240,1)
271 96 (240,240,1)
272 96 (240,240,1)
273 96 (240,240,1)
274 96 (240,240,1)
275 96 (240,240,1)
276 96 (240,240,1)
277 96 (240,240,1)
278 96 (240,240,1)
279 96 (240,240,1)
280 96 (240,240,1)
281 96 (240,240,1)
282 96 (240,240,1)
283 96 (240,240,1)
284 96 (240,240,1)
285 96 (240,240,1)
286 96 (240,240,1)
287 96 (240,240,1)
288 96 (240,240,1)
289 96 (240,240,1)
290 96 (240,240,1)
291 96 (240,240,1)
292 96 (240,240,1)
293 96 (240,240,1)
294 96 (240,240,1)
295 96 (240,240,1)
296 96 (240,240,1)
297 96 (240,240,1)
298 96 (240,240,1)
299 96 (240,240,1)
300 96 (240,240,1)
301 96 (240,240,1)
302 96 (240,240,1)
303 96 (240,240,1)
304 96 (240,240,1)
305 96 (240,240,1)
306 96 (240,240,1)
307 96 (240,240,1)
308 96 (240,240,1)
309 96 (240,240,1)
310 96 (240,240,1)
311 96 (240,240,1)
312 96 (240,240,1)
313 96 (240,240,1)
314 96 (240,240,1)
315 96 (240,240,1)
316 96 (240,240,1)
317 96 (240,240,1)
318 96 (240,240,1)
319 96 (240,240,1)
320 96 (240,240,1)
321 96 (240,240,1)
322 96 (240,240,1)
323 96 (240,240,1)
324 96 (240,240,1)
325 96 (240,240,1)
326 96 (240,240,1)
327 96 (240,240,1)
328 96 (240,240,1)
329 96 (240,240,1)
330 96 (240,240,1)
331 96 (240,240,1)
332 96 (240,240,1)
333 96 (240,240,1)
334 96 (240,240,1)
335 96 (240,240,1)
336 96 (240,240,1)
337 96 (240,240,1)
338 96 (240,240,1)
339 96 (240,240,1)
340 96 (240,240,1)
341 96 (240,240,1)
342 96 (240,240,1)
343 96 (240,240,1)
344 96 (240,240,1)
345 96 (240,240,1)
346 96 (240,240,1)
347 96 (240,240,1)
348 96 (240,240,1)
349 96 (240,240,1)
350 96 (240,240,1)
351 96 (240,240,1)
352 96 (240,240,1)
353 96 (240,240,1)
354 96 (240,240,1)
355 96 (240,240,1)
356 96 (240,240,1)
357 96 (240,240,1)
358 96 (240,240,1)
359 96 (240,240,1)
360 96 (240,240,1)
361 96 (240,240,1)
362 96 (240,240,1)
363 96 (240,240,1)
364 96 (240,240,1)
365 96 (240,240,1)
366 96 (240,240,1)
367 96 (240,240,1)
368 96 (240,240,1)
369 96 (240,240,1)
370 96 (240,240,1)
371 96 (240,240,1)
372 96 (240,240,1)
373 96 (240,240,1)
374 96 (240,240,1)
375 96 (240,240,1)
376 96 (240,240,1)
377 96 (240,240,1)
378 96 (240,240,1)
379 96 (240,240,1)
380 96 (240,240,1)
381 96 (240,240,1)
382 96 (240,240,1)
383 96 (240,240,1)
384 96 (240,240,1)
385 96 (240,240,1)
386 96 (240,240,1)
387 96 (240,240,1)
388 96 (240,240,1)
389 96 (240,240,1)
390 96 (240,240,1)
391 96 (240,240,1)
392 96 (240,240,1)
393 96 (240,240,1)
394 96 (240,240,1)
395 96 (240,240,1)
396 96 (240,240,1)
397 96 (240,240,1)
398 96 (240,240,1)
399 96 (240,240,1)
400 96 (240,240,1)
401 96 (240,240,1)
402 96 (240,240,1)
403 96 (240,240,1)
404 96 (240,240,1)
405 96 (240,240,1)
406 96 (240,240,1)
407 96 (240,240,1)
408 96 (240,240,1)
409 96 (240,240,1)
410 96 (240,240,1)
411 96 (240,240,1)
412 96 (240,240,1)
413 96 (240,240,1)
414 96 (240,240,1)
415 96 (240,240,1)
416 96 (240,240,1)
417 96 (240,240,1)
418 96 (240,240,1)
419 96 (240,240,1)
420 96 (240,240,1)
421 96 (240,240,1)
422 96 (240,240,1)
423 96 (240,240,1)
424 96 (240,240,1)
425 96 (240,240,1)
426 96 (240,240,1)
427 96 (240,240,1)
428 96 (240,240,1)
429 96 (240,240,1)
430 96 (240,240,1)
431 96 (240,240,1)
432 96 (240,240,1)
433 96 (240,240,1)
434 96 (240,240,1)
435 96 (240,240,1)
436 96 (240,240,1)
437 96 (240,240,1)
438 96 (240,240,1)
439 96 (240,240,1)
440 96 (240,240,1)
441 96 (240,240,1)
442 96 (240,240,1)
443 96 (240,240,1)
444 96 (240,240,1)
445 96 (240,240,1)
446 96 (240,240,1)
447 96 (240,240,1)
448 96 (240,240,1)
449 96 (240,240,1)
450 96 (240,240,1)
451 96 (240,240,1)
452 96 (240,240,1)
453 96 (240,240,1)
454 96 (240,240,1)
455 96 (240,240,1)
456 96 (240,240,1)
457 96 (240,240,1)
458 96 (240,240,1)
459 96 (240,240,1)
460 96 (240,240,1)
461 96 (240,240,1)
462 96 (240,240,1)
463 96 (240,240,1)
464 96 (240,240,1)
465 96 (240,240,1)
466 96 (240,240,1)
467 96 (240,240,1)
468 96 (240,240,1)
469 96 (240,240,1)
470 96 (240,240,1)
471 96 (240,240,1)
472 96 (240,240,1)
473 96 (240,240,1)
474 96 (240,240,1)
475 96 (240,240,1)
476 96 (240,240,1)
477 96 (240,240,1)
478 96 (240,240,1)
479 96 (240,240,1)
480 96 (240,240,1)
481 96 (240,240,1)
482 96 (240,240,1)
483 96 (240,240,1)
484 96 (240,240,1)
485 96 (240,240,1)
486 96 (240,240,1)
487 96 (240,240,1)
488 96 (240,240,1)
489 96 (240,240,1)
490 96 (240,240,1)
491 96 (240,240,1)
492 96 (240,240,1)
493 96 (240,240,1)
494 96 (240,240,1)
495 96 (240,240,1)
496 96 (240,240,1)
497 96 (240,240,1)
498 96 (240,240,1)
499 96 (240,240,1)
