000 155 (240,240,1)
001 155 (240,240,1)
002 155 (240,240,1)
003 155 (240,240,1)
007 155 (240,240,1)
009 155 (240,240,1)
011 155 (240,240,1)
013 155 (240,240,1)
016 155 (240,240,1)
019 155 (240,240,1)
020 155 (240,240,1)
022 155 (240,240,1)
023 155 (240,240,1)
024 155 (240,240,1)
026 155 (240,240,1)
027 155 (240,240,1)
103 155 (240,240,1)
105 155 (240,240,1)
109 155 (240,240,1)
113 155 (240,240,1)
117 155 (240,240,1)
118 155 (240,240,1)
130 155 (240,240,1)
131 155 (240,240,1)
133 155 (240,240,1)
135 155 (240,240,1)
147 155 (240,240,1)
150 155 (240,240,1)
151 155 (240,240,1)
152 155 (240,240,1)
162 155 (240,240,1)
165 155 (240,240,1)
167 155 (240,240,1)
175 155 (240,240,1)
177 155 (240,240,1)
179 155 (240,240,1)
180 155 (240,240,1)
184 155 (240,240,1)
186 155 (240,240,1)
190 155 (240,240,1)
198 155 (240,240,1)
199 155 (240,240,1)
201 155 (240,240,1)
202 155 (240,240,1)
208 155 (240,240,1)
211 155 (240,240,1)
212 155 (240,240,1)
216 155 (240,240,1)
218 155 (240,240,1)
221 155 (240,240,1)
222 155 (240,240,1)
226 155 (240,240,1)
230 155 (240,240,1)
231 155 (240,240,1)
234 155 (240,240,1)
242 155 (240,240,1)
253 155 (240,240,1)
255 155 (240,240,1)
261 155 (240,240,1)
274 155 (240,240,1)
277 155 (240,240,1)
280 155 (240,240,1)
282 155 (240,240,1)
283 155 (240,240,1)
288 155 (240,240,1)
290 155 (240,240,1)
296 155 (240,240,1)
298 155 (240,240,1)
299 155 (240,240,1)
307 155 (240,240,1)
310 155 (240,240,1)
311 155 (240,240,1)
312 155 (240,240,1)
313 155 (240,240,1)
319 155 (240,240,1)
321 155 (240,240,1)
325 155 (240,240,1)
330 155 (240,240,1)
332 155 (240,240,1)
335 155 (240,240,1)
338 155 (240,240,1)
343 155 (240,240,1)
346 155 (240,240,1)
351 155 (240,240,1)
370 155 (240,240,1)
372 155 (240,240,1)
374 155 (240,240,1)
375 155 (240,240,1)
378 155 (240,240,1)
387 155 (240,240,1)
390 155 (240,240,1)
394 155 (240,240,1)
400 155 (240,240,1)
401 155 (240,240,1)
406 155 (240,240,1)
408 155 (240,240,1)
409 155 (240,240,1)
410 155 (240,240,1)
411 155 (240,240,1)
412 155 (240,240,1)
413 155 (240,240,1)
419 155 (240,240,1)
420 155 (240,240,1)
425 155 (240,240,1)
428 155 (240,240,1)
429 155 (240,240,1)
436 155 (240,240,1)
448 155 (240,240,1)
449 155 (240,240,1)
451 155 (240,240,1)
460 155 (240,240,1)
462 155 (240,240,1)
469 155 (240,240,1)
470 155 (240,240,1)
471 155 (240,240,1)
473 155 (240,240,1)
474 155 (240,240,1)
479 155 (240,240,1)
490 155 (240,240,1)
491 155 (240,240,1)
493 155 (240,240,1)
498 155 (240,240,1)
600 155 (240,240,1)
602 155 (240,240,1)
608 155 (240,240,1)
609 155 (240,240,1)
611 155 (240,240,1)
612 155 (240,240,1)
617 155 (240,240,1)
618 155 (240,240,1)
620 155 (240,240,1)
621 155 (240,240,1)
623 155 (240,240,1)
624 155 (240,240,1)
628 155 (240,240,1)
629 155 (240,240,1)
632 155 (240,240,1)
633 155 (240,240,1)
634 155 (240,240,1)
637 155 (240,240,1)
638 155 (240,240,1)
642 155 (240,240,1)
644 155 (240,240,1)
645 155 (240,240,1)
650 155 (240,240,1)
653 155 (240,240,1)
720 155 (240,240,1)
721 155 (240,240,1)
722 155 (240,240,1)
723 155 (240,240,1)
725 155 (240,240,1)
729 155 (240,240,1)
730 155 (240,240,1)
733 155 (240,240,1)
734 155 (240,240,1)
738 155 (240,240,1)
739 155 (240,240,1)
741 155 (240,240,1)
742 155 (240,240,1)
743 155 (240,240,1)
745 155 (240,240,1)
746 155 (240,240,1)
747 155 (240,240,1)
750 155 (240,240,1)
751 155 (240,240,1)
752 155 (240,240,1)
753 155 (240,240,1)
763 155 (240,240,1)
765 155 (240,240,1)
766 155 (240,240,1)
769 155 (240,240,1)
771 155 (240,240,1)
772 155 (240,240,1)
773 155 (240,240,1)
774 155 (240,240,1)
775 155 (240,240,1)
776 155 (240,240,1)
778 155 (240,240,1)
779 155 (240,240,1)
780 155 (240,240,1)
781 155 (240,240,1)
782 155 (240,240,1)
783 155 (240,240,1)
786 155 (240,240,1)
787 155 (240,240,1)
788 155 (240,240,1)
789 155 (240,240,1)
791 155 (240,240,1)
792 155 (240,240,1)
794 155 (240,240,1)
795 155 (240,240,1)
797 155 (240,240,1)
800 155 (240,240,1)
801 155 (240,240,1)
803 155 (240,240,1)
804 155 (240,240,1)
806 155 (240,240,1)
807 155 (240,240,1)
812 155 (240,240,1)
814 155 (240,240,1)
815 155 (240,240,1)
816 155 (240,240,1)
817 155 (240,240,1)
820 155 (240,240,1)
821 155 (240,240,1)
822 155 (240,240,1)
824 155 (240,240,1)
825 155 (240,240,1)
828 155 (240,240,1)
830 155 (240,240,1)
869 155 (240,240,1)
870 155 (240,240,1)
871 155 (240,240,1)
873 155 (240,240,1)
875 155 (240,240,1)
900 155 (240,240,1)
901 155 (240,240,1)
903 155 (240,240,1)
906 155 (240,240,1)
907 155 (240,240,1)
922 155 (240,240,1)
924 155 (240,240,1)
925 155 (240,240,1)
926 155 (240,240,1)
